Symmetry matrix 0:
  [[ 1. -0.  0.  0.]
 [ 0.  1.  0.  0.]
 [ 0.  0.  1.  0.]
 [ 0.  0.  0.  1.]]
Symmetry matrix 1:
  [[ 1.0000000e+00  0.0000000e+00  0.0000000e+00  0.0000000e+00]
 [ 0.0000000e+00 -1.0000000e+00 -1.2246468e-16  0.0000000e+00]
 [ 0.0000000e+00  1.2246468e-16 -1.0000000e+00  0.0000000e+00]
 [ 0.0000000e+00  0.0000000e+00  0.0000000e+00  1.0000000e+00]]
Symmetry matrix 2:
  [[-1.0000000e+00  0.0000000e+00  1.2246468e-16  0.0000000e+00]
 [ 0.0000000e+00  1.0000000e+00  0.0000000e+00  0.0000000e+00]
 [-1.2246468e-16  0.0000000e+00 -1.0000000e+00  0.0000000e+00]
 [ 0.0000000e+00  0.0000000e+00  0.0000000e+00  1.0000000e+00]]
Symmetry matrix 3:
  [[-1.0000000e+00 -1.2246468e-16  0.0000000e+00  0.0000000e+00]
 [ 1.2246468e-16 -1.0000000e+00  0.0000000e+00  0.0000000e+00]
 [ 0.0000000e+00  0.0000000e+00  1.0000000e+00  0.0000000e+00]
 [ 0.0000000e+00  0.0000000e+00  0.0000000e+00  1.0000000e+00]]
Symmetry matrix 4:
  [[ 3.33066907e-16 -1.11022302e-16  1.00000000e+00  0.00000000e+00]
 [ 1.00000000e+00  3.33066907e-16 -1.11022302e-16  0.00000000e+00]
 [-1.11022302e-16  1.00000000e+00  3.33066907e-16  0.00000000e+00]
 [ 0.00000000e+00  0.00000000e+00  0.00000000e+00  1.00000000e+00]]
Symmetry matrix 5:
  [[0.0000000e+00 1.0000000e+00 4.4408921e-16 0.0000000e+00]
 [4.4408921e-16 0.0000000e+00 1.0000000e+00 0.0000000e+00]
 [1.0000000e+00 4.4408921e-16 0.0000000e+00 0.0000000e+00]
 [0.0000000e+00 0.0000000e+00 0.0000000e+00 1.0000000e+00]]
Symmetry matrix 6:
  [[ 3.33066907e-16 -1.11022302e-16 -1.00000000e+00  0.00000000e+00]
 [ 1.00000000e+00  3.33066907e-16  1.11022302e-16  0.00000000e+00]
 [ 1.11022302e-16 -1.00000000e+00  3.33066907e-16  0.00000000e+00]
 [ 0.00000000e+00  0.00000000e+00  0.00000000e+00  1.00000000e+00]]
Symmetry matrix 7:
  [[ 0.0000000e+00  1.0000000e+00 -4.4408921e-16  0.0000000e+00]
 [ 4.4408921e-16  0.0000000e+00 -1.0000000e+00  0.0000000e+00]
 [-1.0000000e+00 -4.4408921e-16  0.0000000e+00  0.0000000e+00]
 [ 0.0000000e+00  0.0000000e+00  0.0000000e+00  1.0000000e+00]]
Symmetry matrix 8:
  [[ 3.33066907e-16  1.11022302e-16  1.00000000e+00  0.00000000e+00]
 [-1.00000000e+00  3.33066907e-16  1.11022302e-16  0.00000000e+00]
 [-1.11022302e-16 -1.00000000e+00  3.33066907e-16  0.00000000e+00]
 [ 0.00000000e+00  0.00000000e+00  0.00000000e+00  1.00000000e+00]]
Symmetry matrix 9:
  [[ 0.0000000e+00 -1.0000000e+00  4.4408921e-16  0.0000000e+00]
 [-4.4408921e-16  0.0000000e+00 -1.0000000e+00  0.0000000e+00]
 [ 1.0000000e+00 -4.4408921e-16  0.0000000e+00  0.0000000e+00]
 [ 0.0000000e+00  0.0000000e+00  0.0000000e+00  1.0000000e+00]]
Symmetry matrix 10:
  [[ 3.33066907e-16  1.11022302e-16 -1.00000000e+00  0.00000000e+00]
 [-1.00000000e+00  3.33066907e-16 -1.11022302e-16  0.00000000e+00]
 [ 1.11022302e-16  1.00000000e+00  3.33066907e-16  0.00000000e+00]
 [ 0.00000000e+00  0.00000000e+00  0.00000000e+00  1.00000000e+00]]
Symmetry matrix 11:
  [[ 0.0000000e+00 -1.0000000e+00 -4.4408921e-16  0.0000000e+00]
 [-4.4408921e-16  0.0000000e+00  1.0000000e+00  0.0000000e+00]
 [-1.0000000e+00  4.4408921e-16  0.0000000e+00  0.0000000e+00]
 [ 0.0000000e+00  0.0000000e+00  0.0000000e+00  1.0000000e+00]]

