matrix 0
[[1. 0. 0. 0.]
 [0. 1. 0. 0.]
 [0. 0. 1. 0.]
 [0. 0. 0. 1.]]
matrix 1
[[ 0.        0.57735  -0.816497  0.      ]
 [ 0.57735  -0.666667 -0.471405  0.      ]
 [-0.816497 -0.471405 -0.333333  0.      ]
 [ 0.        0.        0.        1.      ]]
matrix 2
[[-0.       -0.57735   0.816497  0.      ]
 [-0.57735  -0.666667 -0.471405  0.      ]
 [ 0.816497 -0.471405 -0.333333  0.      ]
 [ 0.        0.        0.        1.      ]]
matrix 3
[[-1.        0.        0.        0.      ]
 [ 0.        0.333333  0.942809  0.      ]
 [-0.        0.942809 -0.333333  0.      ]
 [ 0.        0.        0.        1.      ]]
matrix 4
[[-0.5      -0.866025 -0.        0.      ]
 [ 0.866025 -0.5       0.        0.      ]
 [ 0.       -0.        1.        0.      ]
 [ 0.        0.        0.        1.      ]]
matrix 5
[[-0.5       0.866025 -0.        0.      ]
 [-0.866025 -0.5      -0.        0.      ]
 [-0.        0.        1.        0.      ]
 [ 0.        0.        0.        1.      ]]
matrix 6
[[-0.5       0.288675  0.816497  0.      ]
 [-0.288675  0.833333 -0.471405  0.      ]
 [-0.816497 -0.471405 -0.333333  0.      ]
 [ 0.        0.        0.        1.      ]]
matrix 7
[[-0.5      -0.288675 -0.816497  0.      ]
 [ 0.288675  0.833333 -0.471405  0.      ]
 [ 0.816497 -0.471405 -0.333333  0.      ]
 [ 0.        0.        0.        1.      ]]
matrix 8
[[ 0.5      -0.288675 -0.816497  0.      ]
 [-0.866025 -0.166667 -0.471405  0.      ]
 [ 0.        0.942809 -0.333333  0.      ]
 [ 0.        0.        0.        1.      ]]
matrix 9
[[ 0.5      -0.866025 -0.        0.      ]
 [-0.288675 -0.166667  0.942809  0.      ]
 [-0.816497 -0.471405 -0.333333  0.      ]
 [ 0.        0.        0.        1.      ]]
matrix 10
[[ 0.5       0.866025  0.        0.      ]
 [ 0.288675 -0.166667  0.942809  0.      ]
 [ 0.816497 -0.471405 -0.333333  0.      ]
 [ 0.        0.        0.        1.      ]]
matrix 11
[[ 0.5       0.288675  0.816497  0.      ]
 [ 0.866025 -0.166667 -0.471405  0.      ]
 [ 0.        0.942809 -0.333333  0.      ]
 [ 0.        0.        0.        1.      ]]

